1	1	1	101	209
2	1	1	102	24
3	1	1	103	61
4	1	1	105	259
5	1	1	201	192
6	1	1	202	255
7	1	1	203	199
8	1	1	205	37
9	1	1	301	197
10	1	1	302	62
11	1	1	303	49
12	1	1	305	115
13	1	1	401	107
14	1	1	402	239
15	1	1	403	25
16	1	1	405	251
17	1	1	501	7
18	1	1	502	141
19	1	1	503	97
20	1	1	505	108
21	1	1	601	157
22	1	1	602	2
23	1	1	603	42
24	1	1	605	120
25	1	2	102	219
26	1	2	103	99
27	1	2	105	100
28	1	2	201	112
29	1	2	202	12
30	1	2	203	228
31	1	2	205	38
32	1	2	301	15
33	1	2	302	190
34	1	2	303	191
35	1	2	305	20
36	1	2	401	210
37	1	2	402	184
38	1	2	403	226
39	1	2	405	109
40	1	2	501	158
41	1	2	502	142
42	1	2	503	215
43	1	2	505	14
44	1	2	601	106
45	1	2	602	96
46	1	2	603	150
47	1	2	605	246
48	1	3	102	41
49	1	3	103	245
50	1	3	105	208
51	1	3	201	204
52	1	3	202	189
53	1	3	203	62
54	1	3	205	30
55	1	3	301	60
56	1	3	302	88
57	1	3	303	186
58	1	3	305	159
59	1	3	401	34
60	1	3	402	4
61	1	3	403	47
62	1	3	405	64
63	1	3	501	198
64	1	3	502	22
65	1	3	503	95
66	1	3	505	80
67	1	3	601	32
68	1	3	602	144
69	1	3	603	85
70	1	3	605	195
71	2	1	101	225
72	2	1	102	15
73	2	1	103	84
74	2	1	105	71
75	2	1	201	54
76	2	1	202	88
77	2	1	203	258
78	2	1	205	51
79	2	1	301	31
80	2	1	302	208
81	2	1	303	63
82	2	1	305	244
83	2	1	401	24
84	2	1	402	92
85	2	1	403	209
86	2	1	405	12
87	2	1	501	160
88	2	1	502	127
89	2	1	503	172
90	2	1	505	136
91	2	1	601	262
92	2	1	602	40
93	2	1	603	214
94	2	1	605	202
95	2	2	101	212
96	2	2	102	219
97	2	2	103	103
98	2	2	105	258
99	2	2	201	64
100	2	2	202	128
101	2	2	203	18
102	2	2	205	232
103	2	2	301	161
104	2	2	302	129
105	2	2	303	85
106	2	2	305	196
107	2	2	401	101
108	2	2	402	39
109	2	2	403	175
110	2	2	405	58
111	2	2	501	130
112	2	2	502	254
113	2	2	503	27
114	2	2	505	103
115	2	2	601	260
116	2	2	602	220
117	2	2	603	249
118	2	2	605	35
119	2	3	101	90
120	2	3	102	27
121	2	3	103	258
122	2	3	105	121
123	2	3	201	122
124	2	3	202	17
125	2	3	203	218
126	2	3	205	19
127	2	3	301	258
128	2	3	302	183
129	2	3	303	257
130	2	3	305	222
131	2	3	401	55
132	2	3	402	217
133	2	3	403	63
134	2	3	405	111
135	2	3	501	26
136	2	3	502	188
137	2	3	503	98
138	2	3	505	247
139	2	3	601	52
140	2	3	602	45
141	2	3	603	123
142	2	3	605	234
143	3	0	101	199
144	3	0	102	52
145	3	0	103	112
146	3	0	105	170
147	3	0	106	74
148	3	0	107	113
149	3	0	108	79
150	3	0	109	29
151	3	0	110	73
152	3	0	111	206
153	3	0	112	5
154	3	0	113	82
155	3	0	115	200
156	3	0	116	130
157	3	0	201	131
158	3	0	202	132
159	3	0	203	51
160	3	0	205	72
161	3	0	206	55
162	3	0	207	168
163	3	0	208	62
164	3	0	209	34
165	3	0	210	114
166	3	0	211	115
167	3	0	212	258
168	3	0	213	195
169	3	0	215	68
170	3	0	216	69
171	3	0	217	116
172	3	0	218	54
173	3	0	219	238
174	3	0	220	87
175	3	0	301	58
176	3	0	302	218
177	3	0	303	166
178	3	0	305	30
179	3	0	306	117
180	3	0	307	252
181	3	0	308	118
182	3	0	309	56
183	3	0	310	1
184	3	0	311	246
185	3	0	312	119
186	3	0	313	34
187	3	0	315	38
188	3	0	316	65
189	3	0	317	225
190	3	0	318	120
191	3	0	319	169
192	3	0	320	201
193	3	0	321	224
194	3	0	401	133
195	3	0	402	77
196	3	0	403	230
197	3	0	405	204
198	3	0	406	70
199	3	0	407	81
200	3	0	408	202
201	3	0	409	67
202	3	0	410	121
203	3	0	411	66
204	3	0	412	242
205	3	0	413	237
206	3	0	415	122
207	3	0	416	80
208	3	0	417	123
209	3	0	418	124
210	3	0	419	235
211	3	0	420	83
212	3	0	421	134
213	3	0	501	210
214	3	0	502	125
215	3	0	503	126
216	3	0	505	61
217	3	0	506	57
218	3	0	507	78
219	3	0	508	167
220	3	0	509	75
221	3	0	510	196
222	3	0	511	53
223	3	0	512	197
224	3	0	513	240
225	3	0	515	217
226	3	0	516	28
227	3	0	517	207
228	3	0	518	76
229	3	0	519	205
230	3	0	520	198
231	3	0	521	211
232	3	0	601	93
233	3	0	602	223
234	3	0	603	3
235	3	0	605	173
236	3	0	606	25
237	3	0	607	222
238	3	0	608	71
239	3	0	609	203
240	3	0	610	135
241	3	0	611	216
242	3	0	612	20
243	3	0	613	11
244	4	1	101	205
245	4	1	102	145
246	4	1	103	146
247	4	1	105	214
248	4	1	201	231
249	4	1	202	33
250	4	1	203	48
251	4	1	205	203
252	4	1	301	56
253	4	1	302	147
254	4	1	303	185
255	4	1	305	124
256	4	1	401	53
257	4	1	402	236
258	4	1	403	255
259	4	1	405	206
260	4	1	501	8
261	4	1	502	148
262	4	1	503	236
263	4	1	505	200
264	4	1	601	249
265	4	1	602	149
266	4	1	603	94
267	4	1	605	59
268	4	2	101	125
269	4	2	102	114
270	4	2	103	253
271	4	2	105	18
272	4	2	201	72
273	4	2	202	224
274	4	2	203	144
275	4	2	205	119
276	4	2	301	21
277	4	2	302	143
278	4	2	303	179
279	4	2	305	32
280	4	2	401	213
281	4	2	402	86
282	4	2	403	149
283	4	2	405	6
284	4	2	501	221
285	4	2	502	151
286	4	2	503	93
287	4	2	505	194
288	4	2	601	193
289	4	2	602	152
290	4	2	603	143
291	4	2	605	97
292	4	3	101	92
293	4	3	102	26
294	4	3	103	243
295	4	3	105	89
296	4	3	201	162
297	4	3	202	219
298	4	3	203	153
299	4	3	205	13
300	4	3	301	9
301	4	3	302	154
302	4	3	303	178
303	4	3	305	163
304	4	3	401	81
305	4	3	402	123
306	4	3	403	245
307	4	3	405	3
308	4	3	501	207
309	4	3	502	23
310	4	3	503	261
311	4	3	505	252
312	4	3	601	16
313	4	3	602	182
314	4	3	603	126
315	4	3	605	21
316	5	1	101	5
317	5	1	102	177
318	5	1	103	136
319	5	1	105	105
320	5	1	201	65
321	5	1	202	213
322	5	1	203	103
323	5	1	205	117
324	5	1	301	110
325	5	1	302	137
326	5	1	303	171
327	5	1	305	19
328	5	1	401	57
329	5	1	402	64
330	5	1	403	43
331	5	1	405	232
332	5	1	501	104
333	5	1	502	63
334	5	1	503	247
335	5	1	505	211
336	5	1	601	250
337	5	1	602	250
338	5	1	603	176
339	5	1	605	248
340	5	2	101	227
341	5	2	102	138
342	5	2	103	59
343	5	2	105	1
344	5	2	201	10
345	5	2	202	13
346	5	2	203	22
347	5	2	205	216
348	5	2	301	155
349	5	2	302	212
350	5	2	303	241
351	5	2	305	29
352	5	2	401	255
353	5	2	402	17
354	5	2	403	36
355	5	2	405	102
356	5	2	501	46
357	5	2	502	257
358	5	2	503	215
359	5	2	505	164
360	5	2	601	165
361	5	2	602	32
362	5	2	603	139
363	5	2	605	201
364	5	3	101	229
365	5	3	102	9
366	5	3	103	60
367	5	3	105	153
368	5	3	201	187
369	5	3	202	174
370	5	3	203	32
371	5	3	205	126
372	5	3	301	148
373	5	3	302	89
374	5	3	303	44
375	5	3	305	181
376	5	3	401	217
377	5	3	402	12
378	5	3	403	90
379	5	3	405	233
380	5	3	501	156
381	5	3	502	140
382	5	3	503	19
383	5	3	505	61
384	5	3	601	180
385	5	3	602	86
386	5	3	603	91
387	5	3	605	218
