13877718518
18070787810
13557475572
13557475572
15277770655
13977748157
13977783910
13707775739
15007772858
13977793068
19127858030
18807773586
15307779933
13977746878
18907777705
13907777909
13737758202
15278798819
18007772093
13977733720
13977736685
13977774597
15807778389
13457719132
18177776320
18278725076
13877758013
18376179583
13877779275
13307776472
13877789702
13977738067
13788296563
13977777952
15878939997
13877777932
13367777740
13877746302
15877026997
18178780185
13877796972
13977777336
13097770392
13807776232
13471711630
13907879393
13877730888
15007770676
13297771666
13097774309
18278740401
18677744799
13607777650
13877723518
13977793345
19977709011
15107770011
13877723228
13877759398
15907779999
15607779800
13907773096
13977799361
13977788610
18177776392
13217772919
15977006615
13877727580
13807778580
19966705582
18977720066
18807773166
13807776320
13471788080
13977712911
15807776256
13977792489
18877772117
15177995214
18777725821
18777713309
13907771079
13977778797
13317771161
13977781949
13687773003
15277770179
13607778222
13471711630
18377780475
13517795181
18677793885
13907771515
13607776546
13788298038
18277742163
15777776008
15177990981
18807776266
13977795583
13517775472
13877755507
13977790189
13517776097
18177776301
18177776318
13607771924
13977788900
13877788959
15677756188
13977733679
13977782815
13607776663
18777720651
13097775948
13607778958
13558378921
13977101260
18707771206
13788298838
13977732099
13737766780
13877797632
13471788215
13877781008
13977736390
13307773008
15007770706
13617773161
13607773412
13217775338
18977736014
18877704343
18277722635
18877776968
13877754522
13457794631
13558379839
13877779937
3877776166
13977721688
13217772307
13558076857
13617777719
18977731616
18377069698
13877781303
15807776556
13097771488
13907779675
18677751179
15878949228
13877777225
13517774496
13097979801
13807778357
13907879169
18877321496
13607777120
13977746123
15078916732
18074775470
13097977866
13977789610
13977715633
18377786596
13737773188
13977741333
13977746123
18277791811
18070770098
13977775837
18677711083
13977745677
18977738184
18076660047
18777712343
13907877166
18007779188
13977730630
13977787844
13788493885
13977727766
13977793370
18777737173
18777737173
13807779839
13877772066
13907876182
18007772728
18777731137
15007776237
13977775535
13877726985
13977796930
13977739016
13907873580
15994607302
13877735098
13087771388
13877700916
13207776883
18249985109
13217776096
18378736768
15278792230
13807776918
13097776064
13877770281
13197773596
13907877670
18777711196
13877797778
13977722807
13607770813
13877722707
18897773333
13607779996
13087772355
13768170083
13517774798
13977701307
18807776318
13877722378
13977736899
13517779920
